3.410319e+003   0.000000e+000
3.411319e+003   0.000000e+000
3.412319e+003   0.000000e+000
3.413319e+003   0.000000e+000
3.414319e+003   0.000000e+000
3.415319e+003   0.000000e+000
3.416319e+003   0.000000e+000
3.417319e+003   0.000000e+000
3.418319e+003   0.000000e+000
3.419319e+003   0.000000e+000
3.420319e+003   0.000000e+000
3.421319e+003   0.000000e+000
3.422319e+003   0.000000e+000
3.423319e+003   0.000000e+000
3.424319e+003   0.000000e+000
3.425319e+003   0.000000e+000
3.426319e+003   0.000000e+000
3.427319e+003   0.000000e+000
3.428319e+003   0.000000e+000
3.429319e+003   0.000000e+000
3.430319e+003   0.000000e+000
3.431319e+003   0.000000e+000
3.432319e+003   0.000000e+000
3.433319e+003   0.000000e+000
3.434319e+003   0.000000e+000
3.435319e+003   0.000000e+000
3.436319e+003   0.000000e+000
3.437319e+003   0.000000e+000
3.438319e+003   0.000000e+000
3.439319e+003   0.000000e+000
3.440319e+003   0.000000e+000
3.441319e+003   0.000000e+000
3.442319e+003   0.000000e+000
3.443319e+003   0.000000e+000
3.444319e+003   0.000000e+000
3.445319e+003   0.000000e+000
3.446319e+003   0.000000e+000
3.447319e+003   0.000000e+000
3.448319e+003   0.000000e+000
3.449319e+003   0.000000e+000
3.450319e+003   0.000000e+000
3.451319e+003   0.000000e+000
3.452319e+003   0.000000e+000
3.453319e+003   0.000000e+000
3.454319e+003   0.000000e+000
3.455319e+003   0.000000e+000
3.456319e+003   0.000000e+000
3.457319e+003   0.000000e+000
3.458319e+003   0.000000e+000
3.459319e+003   0.000000e+000
3.460319e+003   0.000000e+000
3.461319e+003   0.000000e+000
3.462319e+003   0.000000e+000
3.463319e+003   0.000000e+000
3.464319e+003   0.000000e+000
3.465319e+003   0.000000e+000
3.466319e+003   0.000000e+000
3.467319e+003   0.000000e+000
3.468319e+003   0.000000e+000
3.469319e+003   0.000000e+000
3.470319e+003   0.000000e+000
3.471319e+003   0.000000e+000
3.472319e+003   0.000000e+000
3.473319e+003   0.000000e+000
3.474319e+003   0.000000e+000
3.475319e+003   0.000000e+000
3.476319e+003   0.000000e+000
3.477319e+003   0.000000e+000
3.478319e+003   0.000000e+000
3.479319e+003   0.000000e+000
3.480319e+003   0.000000e+000
3.481319e+003   0.000000e+000
3.482319e+003   0.000000e+000
3.483319e+003   0.000000e+000
3.484319e+003   0.000000e+000
3.485319e+003   0.000000e+000
3.486319e+003   0.000000e+000
3.487319e+003   0.000000e+000
3.488319e+003   0.000000e+000
3.489319e+003   0.000000e+000
3.490319e+003   0.000000e+000
3.491319e+003   0.000000e+000
3.492319e+003   0.000000e+000
3.493319e+003   0.000000e+000
3.494319e+003   0.000000e+000
3.495319e+003   0.000000e+000
3.496319e+003   0.000000e+000
3.497319e+003   0.000000e+000
3.498319e+003   0.000000e+000
3.499319e+003   0.000000e+000
3.500319e+003   0.000000e+000
3.501319e+003   0.000000e+000
3.502319e+003   0.000000e+000
3.503319e+003   0.000000e+000
3.504319e+003   0.000000e+000
3.505319e+003   0.000000e+000
3.506319e+003   0.000000e+000
3.507319e+003   0.000000e+000
3.508319e+003   0.000000e+000
3.509319e+003   0.000000e+000
3.510319e+003   0.000000e+000
3.511319e+003   0.000000e+000
3.512319e+003   0.000000e+000
3.513319e+003   0.000000e+000
3.514319e+003   0.000000e+000
3.515319e+003   0.000000e+000
3.516319e+003   0.000000e+000
3.517319e+003   0.000000e+000
3.518319e+003   0.000000e+000
3.519319e+003   0.000000e+000
3.520319e+003   0.000000e+000
3.521319e+003   0.000000e+000
3.522319e+003   0.000000e+000
3.523319e+003   0.000000e+000
3.524319e+003   0.000000e+000
3.525319e+003   0.000000e+000
3.526319e+003   0.000000e+000
3.527319e+003   0.000000e+000
3.528319e+003   0.000000e+000
3.529319e+003   0.000000e+000
3.530319e+003   0.000000e+000
3.531319e+003   0.000000e+000
3.532319e+003   0.000000e+000
3.533319e+003   0.000000e+000
3.534319e+003   0.000000e+000
3.535319e+003   0.000000e+000
3.536319e+003   0.000000e+000
3.537319e+003   0.000000e+000
3.538319e+003   0.000000e+000
3.539319e+003   0.000000e+000
3.540319e+003   0.000000e+000
3.541319e+003   0.000000e+000
3.542319e+003   0.000000e+000
3.543319e+003   0.000000e+000
3.544319e+003   0.000000e+000
3.545319e+003   0.000000e+000
3.546319e+003   0.000000e+000
3.547319e+003   0.000000e+000
3.548319e+003   0.000000e+000
3.549319e+003   0.000000e+000
3.550319e+003   0.000000e+000
3.551319e+003   0.000000e+000
3.552319e+003   0.000000e+000
3.553319e+003   0.000000e+000
3.554319e+003   0.000000e+000
3.555319e+003   0.000000e+000
3.556319e+003   0.000000e+000
3.557319e+003   0.000000e+000
3.558319e+003   0.000000e+000
3.559319e+003   0.000000e+000
3.560319e+003   0.000000e+000
3.561319e+003   0.000000e+000
3.562319e+003   0.000000e+000
3.563319e+003   0.000000e+000
3.564319e+003   0.000000e+000
3.565319e+003   0.000000e+000
3.566319e+003   0.000000e+000
3.567319e+003   0.000000e+000
3.568319e+003   0.000000e+000
3.569319e+003   0.000000e+000
3.570319e+003   0.000000e+000
3.571319e+003   0.000000e+000
3.572319e+003   0.000000e+000
3.573319e+003   0.000000e+000
3.574319e+003   0.000000e+000
3.575319e+003   0.000000e+000
3.576319e+003   0.000000e+000
3.577319e+003   0.000000e+000
3.578319e+003   0.000000e+000
3.579319e+003   0.000000e+000
3.580319e+003   0.000000e+000
3.581319e+003   0.000000e+000
3.582319e+003   0.000000e+000
3.583319e+003   0.000000e+000
3.584319e+003   0.000000e+000
3.585319e+003   0.000000e+000
3.586319e+003   0.000000e+000
3.587319e+003   0.000000e+000
3.588319e+003   0.000000e+000
3.589319e+003   0.000000e+000
3.590319e+003   0.000000e+000
3.591319e+003   0.000000e+000
3.592319e+003   0.000000e+000
3.593319e+003   0.000000e+000
3.594319e+003   0.000000e+000
3.595319e+003   0.000000e+000
3.596319e+003   0.000000e+000
3.597319e+003   0.000000e+000
3.598319e+003   0.000000e+000
3.599319e+003   0.000000e+000
3.600319e+003   0.000000e+000
3.601319e+003   0.000000e+000
3.602319e+003   0.000000e+000
3.603319e+003   0.000000e+000
3.604319e+003   0.000000e+000
3.605319e+003   0.000000e+000
3.606319e+003   0.000000e+000
3.607319e+003   0.000000e+000
3.608319e+003   0.000000e+000
3.609319e+003   0.000000e+000
3.610319e+003   0.000000e+000
3.611319e+003   0.000000e+000
3.612319e+003   0.000000e+000
3.613319e+003   0.000000e+000
3.614319e+003   0.000000e+000
3.615319e+003   0.000000e+000
3.616319e+003   0.000000e+000
3.617319e+003   0.000000e+000
3.618319e+003   0.000000e+000
3.619319e+003   0.000000e+000
3.620319e+003   0.000000e+000
3.621319e+003   0.000000e+000
3.622319e+003   0.000000e+000
3.623319e+003   0.000000e+000
3.624319e+003   0.000000e+000
3.625319e+003   0.000000e+000
3.626319e+003   0.000000e+000
3.627319e+003   0.000000e+000
3.628319e+003   0.000000e+000
3.629319e+003   0.000000e+000
3.630319e+003   0.000000e+000
3.631319e+003   0.000000e+000
3.632319e+003   0.000000e+000
3.633319e+003   0.000000e+000
3.634319e+003   0.000000e+000
3.635319e+003   0.000000e+000
3.636319e+003   0.000000e+000
3.637319e+003   0.000000e+000
3.638319e+003   0.000000e+000
3.639319e+003   0.000000e+000
3.640319e+003   0.000000e+000
3.641319e+003   0.000000e+000
3.642319e+003   0.000000e+000
3.643319e+003   0.000000e+000
3.644319e+003   0.000000e+000
3.645319e+003   0.000000e+000
3.646319e+003   0.000000e+000
3.647319e+003   0.000000e+000
3.648319e+003   0.000000e+000
3.649319e+003   0.000000e+000
3.650319e+003   0.000000e+000
3.651319e+003   0.000000e+000
3.652319e+003   0.000000e+000
3.653319e+003   0.000000e+000
3.654319e+003   0.000000e+000
3.655319e+003   0.000000e+000
3.656319e+003   0.000000e+000
3.657319e+003   0.000000e+000
3.658319e+003   0.000000e+000
3.659319e+003   0.000000e+000
3.660319e+003   0.000000e+000
3.661319e+003   0.000000e+000
3.662319e+003   0.000000e+000
3.663319e+003   0.000000e+000
3.664319e+003   0.000000e+000
3.665319e+003   0.000000e+000
3.666319e+003   0.000000e+000
3.667319e+003   0.000000e+000
3.668319e+003   0.000000e+000
3.669319e+003   0.000000e+000
3.670319e+003   0.000000e+000
3.671319e+003   0.000000e+000
3.672319e+003   0.000000e+000
3.673319e+003   0.000000e+000
3.674319e+003   0.000000e+000
3.675319e+003   0.000000e+000
3.676319e+003   0.000000e+000
3.677319e+003   0.000000e+000
3.678319e+003   0.000000e+000
3.679319e+003   0.000000e+000
3.680319e+003   0.000000e+000
3.681319e+003   0.000000e+000
3.682319e+003   0.000000e+000
3.683319e+003   0.000000e+000
3.684319e+003   0.000000e+000
3.685319e+003   0.000000e+000
3.686319e+003   0.000000e+000
3.687319e+003   0.000000e+000
3.688319e+003   0.000000e+000
3.689319e+003   0.000000e+000
3.690319e+003   0.000000e+000
3.691319e+003   0.000000e+000
3.692319e+003   0.000000e+000
3.693319e+003   0.000000e+000
3.694319e+003   0.000000e+000
3.695319e+003   0.000000e+000
3.696319e+003   0.000000e+000
3.697319e+003   0.000000e+000
3.698319e+003   0.000000e+000
3.699319e+003   0.000000e+000
3.700319e+003   0.000000e+000
3.701319e+003   0.000000e+000
3.702319e+003   0.000000e+000
3.703319e+003   0.000000e+000
3.704319e+003   0.000000e+000
3.705319e+003   0.000000e+000
3.706319e+003   0.000000e+000
3.707319e+003   0.000000e+000
3.708319e+003   0.000000e+000
3.709319e+003   0.000000e+000
3.710319e+003   0.000000e+000
3.711319e+003   0.000000e+000
3.712319e+003   0.000000e+000
3.713319e+003   0.000000e+000
3.714319e+003   0.000000e+000
3.715319e+003   0.000000e+000
3.716319e+003   0.000000e+000
3.717319e+003   0.000000e+000
3.718319e+003   0.000000e+000
3.719319e+003   0.000000e+000
3.720319e+003   0.000000e+000
3.721319e+003   0.000000e+000
3.722319e+003   0.000000e+000
3.723319e+003   0.000000e+000
3.724319e+003   0.000000e+000
3.725319e+003   0.000000e+000
3.726319e+003   0.000000e+000
3.727319e+003   0.000000e+000
3.728319e+003   0.000000e+000
3.729319e+003   0.000000e+000
3.730319e+003   0.000000e+000
3.731319e+003   0.000000e+000
3.732319e+003   0.000000e+000
3.733319e+003   0.000000e+000
3.734319e+003   0.000000e+000
3.735319e+003   0.000000e+000
3.736319e+003   0.000000e+000
3.737319e+003   0.000000e+000
3.738319e+003   0.000000e+000
3.739319e+003   0.000000e+000
3.740319e+003   0.000000e+000
3.741319e+003   0.000000e+000
3.742319e+003   0.000000e+000
3.743319e+003   0.000000e+000
3.744319e+003   0.000000e+000
3.745319e+003   0.000000e+000
3.746319e+003   0.000000e+000
3.747319e+003   0.000000e+000
3.748319e+003   0.000000e+000
3.749319e+003   0.000000e+000
3.750319e+003   0.000000e+000
3.751319e+003   0.000000e+000
3.752319e+003   0.000000e+000
3.753319e+003   0.000000e+000
3.754319e+003   0.000000e+000
3.755319e+003   0.000000e+000
3.756319e+003   0.000000e+000
3.757319e+003   0.000000e+000
3.758319e+003   0.000000e+000
3.759319e+003   0.000000e+000
3.760319e+003   0.000000e+000
3.761319e+003   0.000000e+000
3.762319e+003   0.000000e+000
3.763319e+003   0.000000e+000
3.764319e+003   0.000000e+000
3.765319e+003   0.000000e+000
3.766319e+003   0.000000e+000
3.767319e+003   0.000000e+000
3.768319e+003   0.000000e+000
3.769319e+003   0.000000e+000
3.770319e+003   0.000000e+000
3.771319e+003   0.000000e+000
3.772319e+003   0.000000e+000
3.773319e+003   0.000000e+000
3.774319e+003   0.000000e+000
3.775319e+003   0.000000e+000
3.776319e+003   0.000000e+000
3.777319e+003   0.000000e+000
3.778319e+003   0.000000e+000
3.779319e+003   0.000000e+000
3.780319e+003   0.000000e+000
3.781319e+003   0.000000e+000
3.782319e+003   0.000000e+000
3.783319e+003   0.000000e+000
3.784319e+003   0.000000e+000
3.785319e+003   0.000000e+000
3.786319e+003   0.000000e+000
3.787319e+003   0.000000e+000
3.788319e+003   0.000000e+000
3.789319e+003   0.000000e+000
3.790319e+003   0.000000e+000
3.791319e+003   0.000000e+000
3.792319e+003   0.000000e+000
3.793319e+003   0.000000e+000
3.794319e+003   0.000000e+000
3.795319e+003   0.000000e+000
3.796319e+003   0.000000e+000
3.797319e+003   0.000000e+000
3.798319e+003   0.000000e+000
3.799319e+003   0.000000e+000
3.800319e+003   0.000000e+000
3.801319e+003   0.000000e+000
3.802319e+003   0.000000e+000
3.803319e+003   0.000000e+000
3.804319e+003   0.000000e+000
3.805319e+003   0.000000e+000
3.806319e+003   0.000000e+000
3.807319e+003   0.000000e+000
3.808319e+003   0.000000e+000
3.809319e+003   0.000000e+000
3.810319e+003   0.000000e+000
3.811319e+003   0.000000e+000
3.812319e+003   0.000000e+000
3.813319e+003   0.000000e+000
3.814319e+003   0.000000e+000
3.815319e+003   0.000000e+000
3.816319e+003   0.000000e+000
3.817319e+003   0.000000e+000
3.818319e+003   0.000000e+000
3.819319e+003   0.000000e+000
3.820319e+003   0.000000e+000
3.821319e+003   0.000000e+000
3.822319e+003   0.000000e+000
3.823319e+003   0.000000e+000
3.824319e+003   0.000000e+000
3.825319e+003   0.000000e+000
3.826319e+003   0.000000e+000
3.827319e+003   0.000000e+000
3.828319e+003   0.000000e+000
3.829319e+003   0.000000e+000
3.830319e+003   0.000000e+000
3.831319e+003   0.000000e+000
3.832319e+003   0.000000e+000
3.833319e+003   0.000000e+000
3.834319e+003   0.000000e+000
3.835319e+003   0.000000e+000
3.836319e+003   0.000000e+000
3.837319e+003   0.000000e+000
3.838319e+003   0.000000e+000
3.839319e+003   0.000000e+000
3.840319e+003   0.000000e+000
3.841319e+003   0.000000e+000
3.842319e+003   0.000000e+000
3.843319e+003   0.000000e+000
3.844319e+003   0.000000e+000
3.845319e+003   0.000000e+000
3.846319e+003   0.000000e+000
3.847319e+003   0.000000e+000
3.848319e+003   0.000000e+000
3.849319e+003   0.000000e+000
3.850319e+003   0.000000e+000
3.851319e+003   0.000000e+000
3.852319e+003   0.000000e+000
3.853319e+003   0.000000e+000
3.854319e+003   0.000000e+000
3.855319e+003   0.000000e+000
3.856319e+003   0.000000e+000
3.857319e+003   0.000000e+000
3.858319e+003   0.000000e+000
3.859319e+003   0.000000e+000
3.860319e+003   0.000000e+000
3.861319e+003   0.000000e+000
3.862319e+003   0.000000e+000
3.863319e+003   0.000000e+000
3.864319e+003   0.000000e+000
3.865319e+003   0.000000e+000
3.866319e+003   0.000000e+000
3.867319e+003   0.000000e+000
3.868319e+003   0.000000e+000
3.869319e+003   0.000000e+000
3.870319e+003   0.000000e+000
3.871319e+003   0.000000e+000
3.872319e+003   0.000000e+000
3.873319e+003   0.000000e+000
3.874319e+003   0.000000e+000
3.875319e+003   0.000000e+000
3.876319e+003   0.000000e+000
3.877319e+003   0.000000e+000
3.878319e+003   0.000000e+000
3.879319e+003   0.000000e+000
3.880319e+003   0.000000e+000
3.881319e+003   0.000000e+000
3.882319e+003   0.000000e+000
3.883319e+003   0.000000e+000
3.884319e+003   0.000000e+000
3.885319e+003   0.000000e+000
3.886319e+003   0.000000e+000
3.887319e+003   0.000000e+000
3.888319e+003   0.000000e+000
3.889319e+003   0.000000e+000
3.890319e+003   0.000000e+000
3.891319e+003   0.000000e+000
3.892319e+003   0.000000e+000
3.893319e+003   0.000000e+000
3.894319e+003   0.000000e+000
3.895319e+003   7.866187e+002
3.896319e+003   -1.104058e+003
3.897319e+003   -1.920925e+003
3.898319e+003   -2.969292e+002
3.899319e+003   -6.405376e+002
3.900319e+003   -1.693357e+001
3.901319e+003   -8.409918e+002
3.902319e+003   -4.791367e+002
3.903319e+003   -1.055101e+003
3.904319e+003   6.531867e+002
3.905319e+003   -8.794592e+002
3.906319e+003   -2.173409e+002
3.907319e+003   -1.320211e+003
3.908319e+003   -1.015684e+003
3.909319e+003   -7.496847e+002
3.910319e+003   -1.338391e+003
3.911319e+003   -2.150505e+002
3.912319e+003   1.172965e+002
3.913319e+003   1.399345e+003
3.914319e+003   1.512299e+002
3.915319e+003   3.062030e+002
3.916319e+003   1.733683e+002
3.917319e+003   -1.494148e+003
3.918319e+003   -4.951448e+002
3.919319e+003   -1.336544e+003
3.920319e+003   -5.799808e+002
3.921319e+003   -5.074120e+002
3.922319e+003   9.939603e+002
3.923319e+003   1.591177e+003
3.924319e+003   3.563086e+003
3.925319e+003   4.892502e+003
3.926319e+003   1.132696e+004
3.927319e+003   1.528549e+004
3.928319e+003   2.006760e+004
3.929319e+003   2.810541e+004
3.930319e+003   3.515367e+004
3.931319e+003   4.064093e+004
3.932319e+003   5.046858e+004
3.933319e+003   5.702436e+004
3.934319e+003   6.430513e+004
3.935319e+003   7.207311e+004
3.936319e+003   7.838716e+004
3.937319e+003   8.697339e+004
3.938319e+003   9.362609e+004
3.939319e+003   1.002275e+005
3.940319e+003   1.052866e+005
3.941319e+003   1.095967e+005
3.942319e+003   1.117623e+005
3.943319e+003   1.150258e+005
3.944319e+003   1.188131e+005
3.945319e+003   1.202320e+005
3.946319e+003   1.221796e+005
3.947319e+003   1.244383e+005
3.948319e+003   1.249441e+005
3.949319e+003   1.259965e+005
3.950319e+003   1.259682e+005
3.951319e+003   1.245806e+005
3.952319e+003   1.266144e+005
3.953319e+003   1.283169e+005
3.954319e+003   1.283960e+005
3.955319e+003   1.291095e+005
3.956319e+003   1.302720e+005
3.957319e+003   1.297950e+005
3.958319e+003   1.290986e+005
3.959319e+003   1.300392e+005
3.960319e+003   1.315094e+005
3.961319e+003   1.295460e+005
3.962319e+003   1.298249e+005
3.963319e+003   1.306355e+005
3.964319e+003   1.292296e+005
3.965319e+003   1.266412e+005
3.966319e+003   1.282007e+005
3.967319e+003   1.272598e+005
3.968319e+003   1.269723e+005
3.969319e+003   1.241004e+005
3.970319e+003   1.281485e+005
3.971319e+003   1.283113e+005
3.972319e+003   1.262105e+005
3.973319e+003   1.276866e+005
3.974319e+003   1.251161e+005
3.975319e+003   1.265371e+005
3.976319e+003   1.267670e+005
3.977319e+003   1.258767e+005
3.978319e+003   1.257206e+005
3.979319e+003   1.273193e+005
3.980319e+003   1.277181e+005
3.981319e+003   1.276967e+005
3.982319e+003   1.255449e+005
3.983319e+003   1.257887e+005
3.984319e+003   1.255269e+005
3.985319e+003   1.256419e+005
3.986319e+003   1.278041e+005
3.987319e+003   1.285274e+005
3.988319e+003   1.278775e+005
3.989319e+003   1.296735e+005
3.990319e+003   1.289830e+005
3.991319e+003   1.292123e+005
3.992319e+003   1.307645e+005
3.993319e+003   1.307182e+005
3.994319e+003   1.312225e+005
3.995319e+003   1.300916e+005
3.996319e+003   1.298675e+005
3.997319e+003   1.292800e+005
3.998319e+003   1.276720e+005
3.999319e+003   1.284654e+005
4.000319e+003   1.256503e+005
4.001319e+003   1.260234e+005
4.002319e+003   1.261265e+005
4.003319e+003   1.260602e+005
4.004319e+003   1.253405e+005
4.005319e+003   1.247726e+005
4.006319e+003   1.233326e+005
4.007319e+003   1.226238e+005
4.008319e+003   1.231033e+005
4.009319e+003   1.263932e+005
4.010319e+003   1.250043e+005
4.011319e+003   1.219600e+005
4.012319e+003   1.228920e+005
4.013319e+003   1.249713e+005
4.014319e+003   1.243121e+005
4.015319e+003   1.240142e+005
4.016319e+003   1.221735e+005
4.017319e+003   1.213857e+005
4.018319e+003   1.212477e+005
4.019319e+003   1.238474e+005
4.020319e+003   1.220448e+005
4.021319e+003   1.233164e+005
4.022319e+003   1.266796e+005
4.023319e+003   1.250560e+005
4.024319e+003   1.256673e+005
4.025319e+003   1.250606e+005
4.026319e+003   1.223466e+005
4.027319e+003   1.223873e+005
4.028319e+003   1.231907e+005
4.029319e+003   1.233358e+005
4.030319e+003   1.241698e+005
4.031319e+003   1.251861e+005
4.032319e+003   1.236657e+005
4.033319e+003   1.241077e+005
4.034319e+003   1.255927e+005
4.035319e+003   1.237961e+005
4.036319e+003   1.226321e+005
4.037319e+003   1.221646e+005
4.038319e+003   1.229337e+005
4.039319e+003   1.218130e+005
4.040319e+003   1.202989e+005
4.041319e+003   1.176963e+005
4.042319e+003   1.184040e+005
4.043319e+003   1.173233e+005
4.044319e+003   1.177077e+005
4.045319e+003   1.193347e+005
4.046319e+003   1.190040e+005
4.047319e+003   1.201449e+005
4.048319e+003   1.192586e+005
4.049319e+003   1.179688e+005
4.050319e+003   1.163417e+005
4.051319e+003   1.171724e+005
4.052319e+003   1.179767e+005
4.053319e+003   1.178600e+005
4.054319e+003   1.161931e+005
4.055319e+003   1.191125e+005
4.056319e+003   1.169720e+005
4.057319e+003   1.185225e+005
4.058319e+003   1.188093e+005
4.059319e+003   1.193376e+005
4.060319e+003   1.172057e+005
4.061319e+003   1.153889e+005
4.062319e+003   1.147998e+005
4.063319e+003   1.136169e+005
4.064319e+003   1.167912e+005
4.065319e+003   1.164510e+005
4.066319e+003   1.157455e+005
4.067319e+003   1.154962e+005
4.068319e+003   1.139250e+005
4.069319e+003   1.129937e+005
4.070319e+003   1.161886e+005
4.071319e+003   1.156003e+005
4.072319e+003   1.144325e+005
4.073319e+003   1.165733e+005
4.074319e+003   1.162255e+005
4.075319e+003   1.155759e+005
4.076319e+003   1.172558e+005
4.077319e+003   1.165357e+005
4.078319e+003   1.149253e+005
4.079319e+003   1.157072e+005
4.080319e+003   1.138294e+005
4.081319e+003   1.127541e+005
4.082319e+003   1.139655e+005
4.083319e+003   1.170483e+005
4.084319e+003   1.178019e+005
4.085319e+003   1.172884e+005
4.086319e+003   1.154583e+005
4.087319e+003   1.139486e+005
4.088319e+003   1.164570e+005
4.089319e+003   1.177603e+005
4.090319e+003   1.165249e+005
4.091319e+003   1.151963e+005
4.092319e+003   1.135482e+005
4.093319e+003   1.129072e+005
4.094319e+003   1.127141e+005
4.095319e+003   1.103812e+005
4.096318e+003   1.085328e+005
4.097318e+003   1.118718e+005
4.098318e+003   1.083993e+005
4.099318e+003   1.102867e+005
4.100318e+003   1.106904e+005
4.101318e+003   1.088187e+005
4.102318e+003   1.096746e+005
4.103318e+003   1.096233e+005
4.104318e+003   1.083503e+005
4.105318e+003   1.093376e+005
4.106318e+003   1.097849e+005
4.107318e+003   1.097181e+005
4.108318e+003   1.077526e+005
4.109318e+003   1.087340e+005
4.110318e+003   1.088357e+005
4.111318e+003   1.085704e+005
4.112318e+003   1.081272e+005
4.113318e+003   1.093228e+005
4.114318e+003   1.091449e+005
4.115318e+003   1.073633e+005
4.116318e+003   1.078553e+005
4.117318e+003   1.068643e+005
4.118318e+003   1.095266e+005
4.119318e+003   1.077043e+005
4.120318e+003   1.075420e+005
4.121318e+003   1.068946e+005
4.122318e+003   1.079913e+005
4.123318e+003   1.085488e+005
4.124318e+003   1.079310e+005
4.125318e+003   1.063070e+005
4.126318e+003   1.076129e+005
4.127318e+003   1.059456e+005
4.128318e+003   1.064063e+005
4.129318e+003   1.058394e+005
4.130318e+003   1.085910e+005
4.131318e+003   1.059329e+005
4.132318e+003   1.052304e+005
4.133318e+003   1.065074e+005
4.134318e+003   1.072626e+005
4.135318e+003   1.073457e+005
4.136318e+003   1.045555e+005
4.137318e+003   1.052485e+005
4.138318e+003   1.033792e+005
4.139318e+003   1.055268e+005
4.140318e+003   1.061023e+005
4.141318e+003   1.016857e+005
4.142318e+003   1.008288e+005
4.143318e+003   1.021706e+005
4.144318e+003   1.021668e+005
4.145318e+003   1.010599e+005
4.146318e+003   1.033672e+005
4.147318e+003   1.046766e+005
4.148318e+003   1.028533e+005
4.149318e+003   1.031729e+005
4.150318e+003   1.043434e+005
4.151318e+003   1.020096e+005
4.152318e+003   1.018784e+005
4.153318e+003   1.006123e+005
4.154318e+003   9.999096e+004
4.155318e+003   1.048321e+005
4.156318e+003   1.054858e+005
4.157318e+003   1.051606e+005
4.158318e+003   1.044203e+005
4.159318e+003   1.078681e+005
4.160318e+003   1.089064e+005
4.161318e+003   1.141972e+005
4.162318e+003   1.179108e+005
4.163318e+003   1.210541e+005
4.164318e+003   1.229251e+005
4.165318e+003   1.238623e+005
4.166318e+003   1.277513e+005
4.167318e+003   1.306159e+005
4.168318e+003   1.343326e+005
4.169318e+003   1.374596e+005
4.170318e+003   1.395136e+005
4.171318e+003   1.433686e+005
4.172318e+003   1.447527e+005
4.173318e+003   1.470938e+005
4.174318e+003   1.486167e+005
4.175318e+003   1.524078e+005
4.176318e+003   1.517299e+005
4.177318e+003   1.516904e+005
4.178318e+003   1.527351e+005
4.179318e+003   1.545369e+005
4.180318e+003   1.522011e+005
4.181318e+003   1.541116e+005
4.182318e+003   1.563967e+005
4.183318e+003   1.592212e+005
4.184318e+003   1.595306e+005
4.185318e+003   1.591282e+005
4.186318e+003   1.601251e+005
4.187318e+003   1.577845e+005
4.188318e+003   1.583669e+005
4.189318e+003   1.601411e+005
4.190318e+003   1.590739e+005
4.191318e+003   1.595253e+005
4.192318e+003   1.575518e+005
4.193318e+003   1.561759e+005
4.194318e+003   1.558806e+005
4.195318e+003   1.580241e+005
4.196318e+003   1.563014e+005
4.197318e+003   1.561587e+005
4.198318e+003   1.577081e+005
4.199318e+003   1.559154e+005
4.200318e+003   1.545542e+005
4.201318e+003   1.569645e+005
4.202318e+003   1.563553e+005
4.203318e+003   1.559942e+005
4.204318e+003   1.550689e+005
4.205318e+003   1.550529e+005
4.206318e+003   1.551999e+005
4.207318e+003   1.562781e+005
4.208318e+003   1.522549e+005
4.209318e+003   1.546301e+005
4.210318e+003   1.582003e+005
4.211318e+003   1.543384e+005
4.212318e+003   1.533949e+005
4.213318e+003   1.538676e+005
4.214318e+003   1.538550e+005
4.215318e+003   1.524234e+005
4.216318e+003   1.540818e+005
4.217318e+003   1.558033e+005
4.218318e+003   1.556207e+005
4.219318e+003   1.556911e+005
4.220318e+003   1.559241e+005
4.221318e+003   1.581789e+005
4.222318e+003   1.580563e+005
4.223318e+003   1.553201e+005
4.224318e+003   1.536698e+005
4.225318e+003   1.555025e+005
4.226318e+003   1.548524e+005
4.227318e+003   1.556843e+005
4.228318e+003   1.565931e+005
4.229318e+003   1.580236e+005
4.230318e+003   1.557642e+005
4.231318e+003   1.571281e+005
4.232318e+003   1.552526e+005
4.233318e+003   1.509176e+005
4.234318e+003   1.546823e+005
4.235318e+003   1.542020e+005
4.236318e+003   1.522975e+005
4.237318e+003   1.522639e+005
4.238318e+003   1.527333e+005
4.239318e+003   1.521083e+005
4.240318e+003   1.530309e+005
4.241318e+003   1.536221e+005
4.242318e+003   1.543023e+005
4.243318e+003   1.524534e+005
4.244318e+003   1.520712e+005
4.245318e+003   1.511562e+005
4.246318e+003   1.522025e+005
4.247318e+003   1.503919e+005
4.248318e+003   1.486774e+005
4.249318e+003   1.482650e+005
4.250318e+003   1.501590e+005
4.251318e+003   1.503411e+005
4.252318e+003   1.501232e+005
4.253318e+003   1.516868e+005
4.254318e+003   1.536335e+005
4.255318e+003   1.531343e+005
4.256318e+003   1.538712e+005
4.257318e+003   1.535998e+005
4.258318e+003   1.540306e+005
4.259318e+003   1.533409e+005
4.260318e+003   1.528053e+005
4.261318e+003   1.531864e+005
4.262318e+003   1.543689e+005
4.263318e+003   1.508449e+005
4.264318e+003   1.526947e+005
4.265318e+003   1.540213e+005
4.266318e+003   1.521534e+005
4.267318e+003   1.518953e+005
4.268318e+003   1.510735e+005
4.269318e+003   1.505593e+005
4.270318e+003   1.516481e+005
4.271318e+003   1.511847e+005
4.272318e+003   1.476019e+005
4.273318e+003   1.484991e+005
4.274318e+003   1.512076e+005
4.275318e+003   1.469958e+005
4.276318e+003   1.467089e+005
4.277318e+003   1.462324e+005
4.278318e+003   1.466726e+005
4.279318e+003   1.468168e+005
4.280318e+003   1.475595e+005
4.281318e+003   1.470932e+005
4.282318e+003   1.441015e+005
4.283318e+003   1.435526e+005
4.284318e+003   1.462077e+005
4.285318e+003   1.459749e+005
4.286318e+003   1.451147e+005
4.287318e+003   1.452218e+005
4.288318e+003   1.484698e+005
4.289318e+003   1.467696e+005
4.290318e+003   1.444596e+005
4.291318e+003   1.438525e+005
4.292318e+003   1.481661e+005
4.293318e+003   1.464090e+005
4.294318e+003   1.480436e+005
4.295318e+003   1.445324e+005
4.296318e+003   1.447863e+005
4.297318e+003   1.457491e+005
4.298318e+003   1.458377e+005
4.299318e+003   1.432328e+005
4.300318e+003   1.433656e+005
4.301318e+003   1.430843e+005
4.302318e+003   1.437782e+005
4.303318e+003   1.436805e+005
4.304318e+003   1.457423e+005
4.305318e+003   1.437249e+005
4.306318e+003   1.424165e+005
4.307318e+003   1.389587e+005
4.308318e+003   1.414330e+005
4.309318e+003   1.417904e+005
4.310318e+003   1.425033e+005
4.311318e+003   1.407122e+005
4.312318e+003   1.394870e+005
4.313318e+003   1.423351e+005
4.314318e+003   1.422198e+005
4.315318e+003   1.434606e+005
4.316318e+003   1.454511e+005
4.317318e+003   1.420199e+005
4.318318e+003   1.427534e+005
4.319318e+003   1.422598e+005
4.320318e+003   1.432365e+005
4.321318e+003   1.438972e+005
4.322318e+003   1.435237e+005
4.323318e+003   1.417990e+005
4.324318e+003   1.398772e+005
4.325318e+003   1.406602e+005
4.326318e+003   1.427447e+005
4.327318e+003   1.434888e+005
4.328318e+003   1.441690e+005
4.329318e+003   1.417555e+005
4.330318e+003   1.390440e+005
4.331318e+003   1.415560e+005
4.332318e+003   1.420877e+005
4.333318e+003   1.409235e+005
4.334318e+003   1.392715e+005
4.335318e+003   1.380633e+005
4.336318e+003   1.395599e+005
4.337318e+003   1.386933e+005
4.338318e+003   1.379795e+005
4.339318e+003   1.385396e+005
4.340318e+003   1.375190e+005
4.341318e+003   1.353545e+005
4.342318e+003   1.370843e+005
4.343318e+003   1.392131e+005
4.344318e+003   1.406090e+005
4.345318e+003   1.399580e+005
4.346318e+003   1.383625e+005
4.347318e+003   1.373732e+005
4.348318e+003   1.355386e+005
4.349318e+003   1.374487e+005
4.350318e+003   1.383100e+005
4.351318e+003   1.369383e+005
4.352318e+003   1.383007e+005
4.353318e+003   1.344788e+005
4.354318e+003   1.370248e+005
4.355318e+003   1.372318e+005
4.356318e+003   1.377416e+005
4.357318e+003   1.366276e+005
4.358318e+003   1.383429e+005
4.359318e+003   1.365315e+005
4.360318e+003   1.347402e+005
4.361318e+003   1.358010e+005
4.362318e+003   1.348578e+005
4.363318e+003   1.334694e+005
4.364318e+003   1.359618e+005
4.365318e+003   1.377643e+005
4.366318e+003   1.352371e+005
4.367318e+003   1.320352e+005
4.368318e+003   1.333009e+005
4.369318e+003   1.353845e+005
4.370318e+003   1.352343e+005
4.371318e+003   1.348384e+005
4.372318e+003   1.347430e+005
4.373318e+003   1.327023e+005
4.374318e+003   1.325307e+005
4.375318e+003   1.342684e+005
4.376318e+003   1.357178e+005
4.377318e+003   1.339281e+005
4.378318e+003   1.323705e+005
4.379318e+003   1.340990e+005
4.380318e+003   1.347015e+005
4.381318e+003   1.352808e+005
4.382318e+003   1.352087e+005
4.383318e+003   1.342055e+005
4.384318e+003   1.343477e+005
4.385318e+003   1.347621e+005
4.386318e+003   1.309107e+005
4.387318e+003   1.307038e+005
4.388318e+003   1.290000e+005
4.389318e+003   1.270474e+005
4.390318e+003   1.274795e+005
4.391318e+003   1.279263e+005
4.392318e+003   1.276397e+005
4.393318e+003   1.262624e+005
4.394318e+003   1.259401e+005
4.395318e+003   1.282541e+005
4.396318e+003   1.271850e+005
4.397318e+003   1.272577e+005
4.398318e+003   1.293276e+005
4.399318e+003   1.314346e+005
4.400318e+003   1.298501e+005
4.401318e+003   1.267037e+005
4.402318e+003   1.283801e+005
4.403318e+003   1.298114e+005
4.404318e+003   1.297095e+005
4.405318e+003   1.310547e+005
4.406318e+003   1.295786e+005
4.407318e+003   1.320236e+005
4.408318e+003   1.287391e+005
4.409318e+003   1.258167e+005
4.410318e+003   1.265277e+005
4.411318e+003   1.267389e+005
4.412318e+003   1.264606e+005
4.413318e+003   1.260497e+005
4.414318e+003   1.230314e+005
4.415318e+003   1.225440e+005
4.416318e+003   1.230240e+005
4.417318e+003   1.254202e+005
4.418318e+003   1.268602e+005
4.419318e+003   1.260576e+005
4.420318e+003   1.258372e+005
4.421318e+003   1.266756e+005
4.422318e+003   1.280775e+005
4.423318e+003   1.250227e+005
4.424318e+003   1.281320e+005
4.425318e+003   1.261945e+005
4.426318e+003   1.242786e+005
4.427318e+003   1.241081e+005
4.428318e+003   1.265044e+005
4.429318e+003   1.239562e+005
4.430318e+003   1.236627e+005
4.431318e+003   1.240499e+005
4.432318e+003   1.250728e+005
4.433318e+003   1.249181e+005
4.434318e+003   1.242062e+005
4.435318e+003   1.229558e+005
4.436318e+003   1.203264e+005
4.437318e+003   1.201280e+005
4.438318e+003   1.198567e+005
4.439318e+003   1.193469e+005
4.440318e+003   1.188778e+005
4.441318e+003   1.227610e+005
4.442318e+003   1.236085e+005
4.443318e+003   1.206455e+005
4.444318e+003   1.219538e+005
4.445318e+003   1.230022e+005
4.446318e+003   1.230191e+005
4.447318e+003   1.245543e+005
4.448318e+003   1.239911e+005
4.449318e+003   1.229398e+005
4.450318e+003   1.203921e+005
4.451318e+003   1.198438e+005
4.452318e+003   1.221554e+005
4.453318e+003   1.235783e+005
4.454318e+003   1.216048e+005
4.455318e+003   1.206544e+005
4.456318e+003   1.218865e+005
4.457318e+003   1.237186e+005
4.458318e+003   1.201477e+005
4.459318e+003   1.204680e+005
4.460318e+003   1.209893e+005
4.461318e+003   1.227478e+005
4.462318e+003   1.236974e+005
4.463318e+003   1.225099e+005
4.464318e+003   1.229149e+005
4.465318e+003   1.238729e+005
4.466318e+003   1.235576e+005
4.467318e+003   1.224713e+005
4.468318e+003   1.226474e+005
4.469318e+003   1.212866e+005
4.470318e+003   1.217686e+005
4.471318e+003   1.230493e+005
4.472318e+003   1.247933e+005
4.473318e+003   1.305187e+005
4.474318e+003   1.333883e+005
4.475318e+003   1.379837e+005
4.476318e+003   1.430909e+005
4.477318e+003   1.495217e+005
4.478318e+003   1.544235e+005
4.479318e+003   1.562530e+005
4.480318e+003   1.578878e+005
4.481318e+003   1.575040e+005
4.482318e+003   1.556775e+005
4.483318e+003   1.522161e+005
4.484318e+003   1.494359e+005
4.485318e+003   1.491788e+005
4.486318e+003   1.474246e+005
4.487318e+003   1.479449e+005
4.488318e+003   1.469694e+005
4.489318e+003   1.477508e+005
4.490318e+003   1.488523e+005
4.491318e+003   1.453764e+005
4.492318e+003   1.449058e+005
4.493318e+003   1.451938e+005
4.494318e+003   1.457216e+005
4.495318e+003   1.467041e+005
4.496318e+003   1.460781e+005
4.497318e+003   1.460061e+005
4.498318e+003   1.457813e+005
4.499318e+003   1.468748e+005
4.500318e+003   1.462704e+005
4.501318e+003   1.452099e+005
4.502318e+003   1.464014e+005
4.503318e+003   1.461316e+005
4.504318e+003   1.455693e+005
4.505318e+003   1.470242e+005
4.506318e+003   1.481065e+005
4.507318e+003   1.484267e+005
4.508318e+003   1.435991e+005
4.509318e+003   1.433330e+005
4.510318e+003   1.434192e+005
4.511318e+003   1.436760e+005
4.512318e+003   1.450120e+005
4.513318e+003   1.447754e+005
4.514318e+003   1.454575e+005
4.515318e+003   1.443333e+005
4.516318e+003   1.451907e+005
4.517318e+003   1.417257e+005
4.518318e+003   1.421057e+005
4.519318e+003   1.424985e+005
4.520318e+003   1.459779e+005
4.521318e+003   1.457174e+005
4.522318e+003   1.431248e+005
4.523318e+003   1.424956e+005
4.524318e+003   1.430772e+005
4.525318e+003   1.417181e+005
4.526318e+003   1.418385e+005
4.527318e+003   1.431717e+005
4.528318e+003   1.393407e+005
4.529318e+003   1.386489e+005
4.530318e+003   1.402160e+005
4.531318e+003   1.424601e+005
4.532318e+003   1.410557e+005
4.533318e+003   1.410444e+005
4.534318e+003   1.428131e+005
4.535318e+003   1.415388e+005
4.536318e+003   1.399053e+005
4.537318e+003   1.406500e+005
4.538318e+003   1.389763e+005
4.539318e+003   1.393032e+005
4.540318e+003   1.390040e+005
4.541318e+003   1.387080e+005
4.542318e+003   1.369348e+005
4.543318e+003   1.350843e+005
4.544318e+003   1.381011e+005
4.545318e+003   1.406104e+005
4.546318e+003   1.377568e+005
4.547318e+003   1.379976e+005
4.548318e+003   1.389440e+005
4.549318e+003   1.382541e+005
4.550318e+003   1.390567e+005
4.551318e+003   1.381687e+005
4.552318e+003   1.369275e+005
4.553318e+003   1.348303e+005
4.554318e+003   1.344980e+005
4.555318e+003   1.390685e+005
4.556318e+003   1.377939e+005
4.557318e+003   1.362416e+005
4.558318e+003   1.352949e+005
4.559318e+003   1.350630e+005
4.560318e+003   1.355108e+005
4.561318e+003   1.373575e+005
4.562318e+003   1.397356e+005
4.563318e+003   1.379121e+005
4.564318e+003   1.384195e+005
4.565318e+003   1.339071e+005
4.566318e+003   1.368093e+005
4.567318e+003   1.402931e+005
4.568318e+003   1.414470e+005
4.569318e+003   1.379128e+005
4.570318e+003   1.387559e+005
4.571318e+003   1.375632e+005
4.572318e+003   1.361412e+005
4.573318e+003   1.349184e+005
4.574318e+003   1.358982e+005
4.575318e+003   1.333663e+005
4.576318e+003   1.338533e+005
4.577318e+003   1.339831e+005
4.578318e+003   1.332596e+005
4.579318e+003   1.352027e+005
4.580318e+003   1.339255e+005
4.581318e+003   1.348781e+005
4.582318e+003   1.306197e+005
4.583318e+003   1.298762e+005
4.584318e+003   1.284713e+005
4.585318e+003   1.319521e+005
4.586318e+003   1.328310e+005
4.587318e+003   1.313672e+005
4.588318e+003   1.294905e+005
4.589318e+003   1.322930e+005
4.590318e+003   1.346142e+005
4.591318e+003   1.351628e+005
4.592318e+003   1.359747e+005
4.593318e+003   1.351871e+005
4.594318e+003   1.362090e+005
4.595318e+003   1.341701e+005
4.596318e+003   1.355246e+005
4.597318e+003   1.356345e+005
4.598318e+003   1.327897e+005
4.599318e+003   1.328170e+005
4.600318e+003   1.338274e+005
4.601318e+003   1.325848e+005
4.602318e+003   1.356981e+005
4.603318e+003   1.350871e+005
4.604318e+003   1.375256e+005
4.605318e+003   1.348203e+005
4.606318e+003   1.330289e+005
4.607318e+003   1.329703e+005
4.608318e+003   1.312705e+005
4.609318e+003   1.321517e+005
4.610318e+003   1.333253e+005
4.611318e+003   1.313190e+005
4.612318e+003   1.316361e+005
4.613318e+003   1.359560e+005
4.614318e+003   1.326356e+005
4.615318e+003   1.311460e+005
4.616318e+003   1.319041e+005
4.617318e+003   1.310376e+005
4.618318e+003   1.308298e+005
4.619318e+003   1.311082e+005
4.620318e+003   1.302788e+005
4.621318e+003   1.286363e+005
4.622318e+003   1.276649e+005
4.623318e+003   1.291753e+005
4.624318e+003   1.294964e+005
4.625318e+003   1.304382e+005
4.626318e+003   1.283642e+005
4.627318e+003   1.268478e+005
4.628318e+003   1.257049e+005
4.629318e+003   1.256870e+005
4.630318e+003   1.246935e+005
4.631318e+003   1.252429e+005
4.632318e+003   1.275995e+005
4.633318e+003   1.292018e+005
4.634318e+003   1.263275e+005
4.635318e+003   1.252832e+005
4.636318e+003   1.252173e+005
4.637318e+003   1.257239e+005
4.638318e+003   1.262061e+005
4.639318e+003   1.245736e+005
4.640318e+003   1.245685e+005
4.641318e+003   1.260211e+005
4.642318e+003   1.264600e+005
4.643318e+003   1.242705e+005
4.644318e+003   1.263053e+005
4.645318e+003   1.256655e+005
4.646318e+003   1.244270e+005
4.647318e+003   1.236395e+005
4.648318e+003   1.229880e+005
4.649318e+003   1.243460e+005
4.650318e+003   1.241514e+005
4.651318e+003   1.271602e+005
4.652318e+003   1.281496e+005
4.653318e+003   1.258291e+005
4.654318e+003   1.266705e+005
4.655318e+003   1.275549e+005
4.656318e+003   1.250683e+005
4.657318e+003   1.249981e+005
4.658318e+003   1.217562e+005
4.659318e+003   1.208035e+005
4.660318e+003   1.228016e+005
4.661318e+003   1.252082e+005
4.662318e+003   1.280389e+005
4.663318e+003   1.256148e+005
4.664318e+003   1.203398e+005
4.665318e+003   1.199601e+005
4.666318e+003   1.242749e+005
4.667318e+003   1.245303e+005
4.668318e+003   1.236019e+005
4.669318e+003   1.232394e+005
4.670318e+003   1.233005e+005
4.671318e+003   1.233734e+005
4.672318e+003   1.228835e+005
4.673318e+003   1.206831e+005
4.674318e+003   1.191691e+005
4.675318e+003   1.188716e+005
4.676318e+003   1.203367e+005
4.677318e+003   1.217913e+005
4.678318e+003   1.244114e+005
4.679318e+003   1.237456e+005
4.680318e+003   1.228729e+005
4.681318e+003   1.245974e+005
4.682318e+003   1.234717e+005
4.683318e+003   1.232655e+005
4.684318e+003   1.207587e+005
4.685318e+003   1.203508e+005
4.686318e+003   1.195818e+005
4.687318e+003   1.203583e+005
4.688318e+003   1.206594e+005
4.689318e+003   1.209080e+005
4.690318e+003   1.189136e+005
4.691318e+003   1.180335e+005
4.692318e+003   1.186537e+005
4.693318e+003   1.168553e+005
4.694318e+003   1.183085e+005
4.695318e+003   1.195482e+005
4.696318e+003   1.196729e+005
4.697318e+003   1.188142e+005
4.698318e+003   1.188127e+005
4.699318e+003   1.193655e+005
4.700318e+003   1.192343e+005
4.701318e+003   1.175873e+005
4.702318e+003   1.182667e+005
4.703318e+003   1.197859e+005
4.704318e+003   1.187008e+005
4.705318e+003   1.169154e+005
4.706318e+003   1.163790e+005
4.707318e+003   1.177030e+005
4.708318e+003   1.180031e+005
4.709318e+003   1.200380e+005
4.710318e+003   1.192319e+005
4.711318e+003   1.175131e+005
4.712318e+003   1.176586e+005
4.713318e+003   1.173600e+005
4.714318e+003   1.174946e+005
4.715318e+003   1.181545e+005
4.716318e+003   1.183730e+005
4.717318e+003   1.190781e+005
4.718318e+003   1.189848e+005
4.719318e+003   1.175246e+005
4.720318e+003   1.138940e+005
4.721318e+003   1.158616e+005
4.722318e+003   1.166461e+005
4.723318e+003   1.166049e+005
4.724318e+003   1.171179e+005
4.725318e+003   1.159464e+005
4.726318e+003   1.152386e+005
4.727318e+003   1.162323e+005
4.728318e+003   1.168951e+005
4.729318e+003   1.159736e+005
4.730318e+003   1.170785e+005
4.731318e+003   1.177019e+005
4.732318e+003   1.160623e+005
4.733318e+003   1.151626e+005
4.734318e+003   1.139545e+005
4.735318e+003   1.139981e+005
4.736318e+003   1.127936e+005
4.737318e+003   1.111232e+005
4.738318e+003   1.132309e+005
4.739318e+003   1.142139e+005
4.740318e+003   1.152285e+005
4.741318e+003   1.127508e+005
4.742318e+003   1.130719e+005
4.743318e+003   1.130654e+005
4.744318e+003   1.113942e+005
4.745318e+003   1.088189e+005
4.746318e+003   1.117389e+005
4.747318e+003   1.148901e+005
4.748318e+003   1.165042e+005
4.749318e+003   1.164092e+005
4.750318e+003   1.157992e+005
4.751318e+003   1.150008e+005
4.752318e+003   1.137652e+005
4.753318e+003   1.135583e+005
4.754318e+003   1.127446e+005
4.755318e+003   1.140158e+005
4.756318e+003   1.144859e+005
4.757318e+003   1.146679e+005
4.758318e+003   1.128075e+005
4.759318e+003   1.106462e+005
4.760318e+003   1.113682e+005
4.761318e+003   1.109124e+005
4.762318e+003   1.117726e+005
4.763318e+003   1.114335e+005
4.764318e+003   1.109477e+005
4.765318e+003   1.105123e+005
4.766318e+003   1.091428e+005
4.767318e+003   1.108679e+005
4.768318e+003   1.118623e+005
4.769318e+003   1.102518e+005
4.770318e+003   1.139145e+005
4.771318e+003   1.140002e+005
4.772318e+003   1.138538e+005
4.773318e+003   1.153503e+005
4.774318e+003   1.150866e+005
4.775318e+003   1.131777e+005
4.776318e+003   1.125398e+005
4.777318e+003   1.143520e+005
4.778318e+003   1.127918e+005
4.779318e+003   1.131929e+005
4.780318e+003   1.121658e+005
4.781318e+003   1.119819e+005
4.782318e+003   1.110396e+005
4.783318e+003   1.108995e+005
4.784318e+003   1.107319e+005
4.785318e+003   1.097631e+005
4.786318e+003   1.083384e+005
4.787318e+003   1.073630e+005
4.788318e+003   1.096239e+005
4.789318e+003   1.103272e+005
4.790318e+003   1.095827e+005
4.791318e+003   1.104806e+005
4.792318e+003   1.092518e+005
4.793318e+003   1.093793e+005
4.794318e+003   1.088996e+005
4.795318e+003   1.089890e+005
4.796318e+003   1.085133e+005
4.797318e+003   1.097822e+005
4.798318e+003   1.071163e+005
4.799318e+003   1.088605e+005
4.800318e+003   1.091792e+005
4.801318e+003   1.079326e+005
4.802318e+003   1.072793e+005
4.803318e+003   1.070941e+005
4.804318e+003   1.072738e+005
4.805318e+003   1.072975e+005
4.806318e+003   1.078986e+005
4.807318e+003   1.064561e+005
4.808318e+003   1.066224e+005
4.809318e+003   1.050799e+005
4.810318e+003   1.049328e+005
4.811318e+003   1.033909e+005
4.812318e+003   1.042476e+005
4.813318e+003   1.091148e+005
4.814318e+003   1.090250e+005
4.815318e+003   1.067910e+005
4.816318e+003   1.055723e+005
4.817318e+003   1.056038e+005
4.818318e+003   1.060502e+005
4.819318e+003   1.065939e+005
4.820318e+003   1.074402e+005
4.821318e+003   1.086911e+005
4.822318e+003   1.098648e+005
4.823318e+003   1.091764e+005
4.824318e+003   1.077441e+005
4.825318e+003   1.070099e+005
4.826318e+003   1.054570e+005
4.827318e+003   1.024816e+005
4.828318e+003   1.039371e+005
4.829318e+003   1.068497e+005
4.830318e+003   1.064589e+005
4.831318e+003   1.062290e+005
4.832318e+003   1.058924e+005
4.833318e+003   1.035883e+005
4.834318e+003   1.027845e+005
4.835318e+003   1.033926e+005
4.836318e+003   1.045740e+005
4.837318e+003   1.030342e+005
4.838318e+003   1.046932e+005
4.839318e+003   1.053584e+005
4.840318e+003   1.044175e+005
4.841318e+003   1.044645e+005
4.842318e+003   1.042626e+005
4.843318e+003   1.022589e+005
4.844318e+003   1.036718e+005
4.845318e+003   1.022449e+005
4.846318e+003   1.010618e+005
4.847318e+003   1.025308e+005
4.848318e+003   1.028854e+005
4.849318e+003   1.047775e+005
4.850318e+003   1.046109e+005
4.851318e+003   1.044800e+005
4.852318e+003   1.033986e+005
4.853318e+003   1.018114e+005
4.854318e+003   1.008213e+005
4.855318e+003   1.029319e+005
4.856318e+003   1.045169e+005
4.857318e+003   1.014515e+005
4.858318e+003   1.004911e+005
4.859318e+003   9.949809e+004
4.860318e+003   9.610227e+004
4.861318e+003   9.595720e+004
4.862318e+003   9.780632e+004
4.863318e+003   9.908870e+004
4.864318e+003   1.005251e+005
4.865318e+003   9.949337e+004
4.866318e+003   9.882024e+004
4.867318e+003   9.883978e+004
4.868318e+003   9.880480e+004
4.869318e+003   9.948252e+004
4.870318e+003   9.810854e+004
4.871318e+003   1.006525e+005
4.872318e+003   9.893336e+004
4.873318e+003   9.754907e+004
4.874318e+003   9.702666e+004
4.875318e+003   9.775628e+004
4.876318e+003   9.622317e+004
4.877318e+003   9.608664e+004
4.878318e+003   9.715292e+004
4.879318e+003   9.761995e+004
4.880318e+003   9.709512e+004
4.881318e+003   9.729441e+004
4.882318e+003   9.902891e+004
4.883318e+003   9.882190e+004
4.884318e+003   1.004370e+005
4.885318e+003   1.019792e+005
4.886318e+003   9.816055e+004
4.887318e+003   9.823978e+004
4.888318e+003   9.747689e+004
4.889318e+003   9.923516e+004
4.890318e+003   9.876991e+004
4.891318e+003   9.776020e+004
4.892318e+003   9.745563e+004
4.893318e+003   9.855004e+004
4.894318e+003   9.598962e+004
4.895318e+003   9.485232e+004
4.896318e+003   9.549441e+004
4.897318e+003   9.493173e+004
4.898318e+003   9.699709e+004
4.899318e+003   9.736209e+004
4.900318e+003   9.390872e+004
4.901318e+003   9.305346e+004
4.902318e+003   9.429408e+004
4.903318e+003   9.420109e+004
4.904318e+003   9.580573e+004
4.905318e+003   9.593679e+004
4.906318e+003   9.672085e+004
4.907318e+003   9.659568e+004
4.908318e+003   9.553866e+004
4.909318e+003   9.609484e+004
4.910318e+003   9.471013e+004
4.911318e+003   9.571100e+004
4.912318e+003   9.519242e+004
4.913318e+003   9.680943e+004
4.914318e+003   9.431153e+004
4.915318e+003   9.294555e+004
4.916318e+003   9.460562e+004
4.917318e+003   9.565063e+004
4.918318e+003   9.401422e+004
4.919318e+003   9.340044e+004
4.920318e+003   9.503373e+004
4.921318e+003   9.384748e+004
4.922318e+003   9.454148e+004
4.923318e+003   9.324534e+004
4.924318e+003   9.242305e+004
4.925318e+003   9.445816e+004
4.926318e+003   9.499845e+004
4.927318e+003   9.422005e+004
4.928318e+003   9.305161e+004
4.929318e+003   9.180911e+004
4.930318e+003   9.381180e+004
4.931318e+003   9.378394e+004
4.932318e+003   9.420871e+004
4.933318e+003   9.310042e+004
4.934318e+003   9.221471e+004
4.935318e+003   9.396308e+004
4.936318e+003   9.397369e+004
4.937318e+003   9.432672e+004
4.938318e+003   9.373016e+004
4.939318e+003   9.411758e+004
4.940318e+003   9.269623e+004
4.941318e+003   9.144703e+004
4.942318e+003   9.261476e+004
4.943318e+003   9.109871e+004
4.944318e+003   9.243337e+004
4.945318e+003   9.113788e+004
4.946318e+003   9.216547e+004
4.947318e+003   9.338217e+004
4.948318e+003   9.310898e+004
4.949318e+003   9.178983e+004
4.950318e+003   9.158908e+004
4.951318e+003   8.957460e+004
4.952318e+003   8.999124e+004
4.953318e+003   9.048073e+004
4.954318e+003   9.031646e+004
4.955318e+003   8.927711e+004
4.956318e+003   9.051102e+004
4.957318e+003   9.411165e+004
4.958318e+003   9.338120e+004
4.959318e+003   9.211336e+004
4.960318e+003   9.032623e+004
4.961318e+003   9.033880e+004
4.962318e+003   9.235411e+004
4.963318e+003   9.444186e+004
4.964318e+003   9.250162e+004
4.965318e+003   9.247404e+004
4.966318e+003   9.356384e+004
4.967318e+003   9.129912e+004
4.968318e+003   9.105559e+004
4.969318e+003   9.044695e+004
4.970318e+003   9.093390e+004
4.971318e+003   9.046766e+004
4.972318e+003   8.983892e+004
4.973318e+003   9.175224e+004
4.974318e+003   9.398928e+004
4.975318e+003   9.273339e+004
4.976318e+003   9.129342e+004
4.977318e+003   9.106404e+004
4.978318e+003   9.240973e+004
4.979318e+003   9.220056e+004
4.980318e+003   9.222713e+004
4.981318e+003   9.155127e+004
4.982318e+003   9.391377e+004
4.983318e+003   9.123545e+004
4.984318e+003   9.013178e+004
4.985318e+003   8.867888e+004
4.986318e+003   8.961301e+004
4.987318e+003   8.908984e+004
4.988318e+003   8.760448e+004
4.989318e+003   8.766005e+004
4.990318e+003   8.634160e+004
4.991318e+003   8.937248e+004
4.992318e+003   9.180999e+004
4.993318e+003   9.021650e+004
4.994318e+003   9.049268e+004
4.995318e+003   8.962177e+004
4.996318e+003   8.759755e+004
4.997318e+003   8.730307e+004
4.998318e+003   8.964479e+004
4.999318e+003   8.936077e+004
5.000318e+003   8.899577e+004
5.001318e+003   8.907822e+004
5.002318e+003   8.880679e+004
5.003318e+003   8.860474e+004
5.004318e+003   8.869807e+004
5.005318e+003   8.877409e+004
5.006318e+003   8.878921e+004
5.007318e+003   8.865898e+004
5.008318e+003   8.640780e+004
5.009318e+003   8.608895e+004
5.010318e+003   8.658650e+004
5.011318e+003   8.590029e+004
5.012318e+003   8.743720e+004
5.013318e+003   8.682037e+004
5.014318e+003   8.714812e+004
5.015318e+003   8.822962e+004
5.016318e+003   8.571343e+004
5.017318e+003   8.771147e+004
5.018318e+003   8.921941e+004
5.019318e+003   8.786203e+004
5.020318e+003   8.783613e+004
5.021318e+003   8.769998e+004
5.022318e+003   8.885550e+004
5.023318e+003   9.176596e+004
5.024318e+003   9.183698e+004
5.025318e+003   9.004765e+004
5.026318e+003   9.053370e+004
5.027318e+003   8.946868e+004
5.028318e+003   8.822038e+004
5.029318e+003   8.832246e+004
5.030318e+003   8.738043e+004
5.031318e+003   8.594603e+004
5.032318e+003   8.501442e+004
5.033318e+003   8.323876e+004
5.034318e+003   8.249841e+004
5.035318e+003   8.284907e+004
5.036318e+003   8.283680e+004
5.037318e+003   8.204427e+004
5.038318e+003   8.314109e+004
5.039318e+003   8.452829e+004
5.040318e+003   8.297555e+004
5.041318e+003   8.559877e+004
5.042318e+003   8.472230e+004
5.043318e+003   8.401992e+004
5.044318e+003   8.597365e+004
5.045318e+003   8.479867e+004
5.046318e+003   8.299805e+004
5.047318e+003   8.273491e+004
5.048318e+003   8.470451e+004
5.049318e+003   8.666527e+004
5.050318e+003   8.478302e+004
5.051318e+003   8.466991e+004
5.052318e+003   8.603752e+004
5.053318e+003   8.602482e+004
5.054318e+003   8.539371e+004
5.055318e+003   8.398177e+004
5.056318e+003   8.506936e+004
5.057318e+003   8.350924e+004
5.058318e+003   8.208430e+004
5.059318e+003   8.243167e+004
5.060318e+003   8.257794e+004
5.061318e+003   8.595488e+004
5.062318e+003   8.386691e+004
5.063318e+003   8.394513e+004
5.064318e+003   8.349969e+004
5.065318e+003   8.248359e+004
5.066318e+003   7.965167e+004
5.067318e+003   8.127695e+004
5.068318e+003   8.078810e+004
5.069318e+003   8.081447e+004
5.070318e+003   8.221794e+004
5.071318e+003   8.235636e+004
5.072318e+003   8.109330e+004
5.073318e+003   7.949762e+004
5.074318e+003   7.891719e+004
5.075318e+003   8.068234e+004
5.076318e+003   8.230643e+004
5.077318e+003   8.080423e+004
5.078318e+003   8.212505e+004
5.079318e+003   8.127007e+004
5.080318e+003   8.356580e+004
5.081318e+003   8.541147e+004
5.082318e+003   8.357920e+004
5.083318e+003   8.362472e+004
5.084318e+003   8.361100e+004
5.085318e+003   8.606102e+004
5.086318e+003   8.527073e+004
5.087318e+003   8.464238e+004
5.088318e+003   8.364602e+004
5.089318e+003   8.267620e+004
5.090318e+003   8.108190e+004
5.091318e+003   8.239514e+004
5.092318e+003   8.519838e+004
5.093318e+003   8.445107e+004
5.094318e+003   8.330787e+004
5.095318e+003   8.306717e+004
5.096318e+003   8.552515e+004
5.097318e+003   8.284323e+004
5.098318e+003   8.359956e+004
5.099318e+003   8.111413e+004
5.100318e+003   8.029970e+004
5.101318e+003   8.035216e+004
5.102318e+003   7.924051e+004
5.103318e+003   7.684684e+004
5.104318e+003   7.771209e+004
5.105318e+003   7.752368e+004
5.106318e+003   7.858595e+004
5.107318e+003   7.935626e+004
5.108318e+003   7.872929e+004
5.109318e+003   7.884475e+004
5.110318e+003   8.150028e+004
5.111318e+003   8.273949e+004
5.112318e+003   8.130013e+004
5.113318e+003   8.005397e+004
5.114318e+003   7.898916e+004
5.115318e+003   8.093443e+004
5.116318e+003   7.913844e+004
5.117318e+003   8.009393e+004
5.118318e+003   8.118518e+004
5.119318e+003   8.050916e+004
5.120318e+003   7.991744e+004
5.121318e+003   7.877855e+004
5.122318e+003   7.803776e+004
5.123318e+003   8.025532e+004
5.124318e+003   8.047617e+004
5.125318e+003   8.117395e+004
5.126318e+003   8.076144e+004
5.127318e+003   7.922545e+004
5.128318e+003   7.719991e+004
5.129318e+003   7.614519e+004
5.130318e+003   7.798301e+004
5.131318e+003   7.822166e+004
5.132318e+003   7.609536e+004
5.133318e+003   7.657275e+004
5.134318e+003   7.575220e+004
5.135318e+003   7.817058e+004
5.136318e+003   7.799610e+004
5.137318e+003   8.018856e+004
5.138318e+003   8.075530e+004
5.139318e+003   8.120198e+004
5.140318e+003   7.748655e+004
5.141318e+003   7.661452e+004
5.142318e+003   7.775295e+004
5.143318e+003   7.738188e+004
5.144318e+003   7.783516e+004
5.145318e+003   7.654821e+004
5.146318e+003   7.634220e+004
5.147318e+003   7.786364e+004
5.148318e+003   7.890930e+004
5.149318e+003   7.843054e+004
5.150318e+003   7.836957e+004
5.151318e+003   7.813953e+004
5.152318e+003   8.030158e+004
5.153318e+003   8.251959e+004
5.154318e+003   7.903870e+004
5.155318e+003   7.668547e+004
5.156318e+003   7.594125e+004
5.157318e+003   7.575858e+004
5.158318e+003   7.455521e+004
5.159318e+003   7.480354e+004
5.160318e+003   7.512798e+004
5.161318e+003   7.498112e+004
5.162318e+003   7.250805e+004
5.163318e+003   7.365781e+004
5.164318e+003   7.417448e+004
5.165318e+003   7.383583e+004
5.166318e+003   7.365584e+004
5.167318e+003   7.542662e+004
5.168318e+003   7.242794e+004
5.169318e+003   7.387998e+004
5.170318e+003   7.603421e+004
5.171318e+003   7.569288e+004
5.172318e+003   7.538405e+004
5.173318e+003   7.465413e+004
5.174318e+003   7.356938e+004
5.175318e+003   7.311068e+004
5.176318e+003   7.436562e+004
5.177318e+003   7.246609e+004
5.178318e+003   7.170774e+004
5.179318e+003   7.327313e+004
5.180318e+003   7.408977e+004
5.181318e+003   7.665155e+004
5.182318e+003   7.679019e+004
5.183318e+003   7.579308e+004
5.184318e+003   7.486051e+004
5.185318e+003   7.517777e+004
5.186318e+003   7.397416e+004
5.187318e+003   7.363327e+004
5.188318e+003   7.348916e+004
5.189318e+003   7.265713e+004
5.190318e+003   7.275998e+004
5.191318e+003   7.207863e+004
5.192318e+003   7.251946e+004
5.193318e+003   7.317491e+004
5.194318e+003   7.219977e+004
5.195318e+003   7.119022e+004
5.196318e+003   7.155393e+004
5.197318e+003   7.416773e+004
5.198318e+003   7.426542e+004
5.199318e+003   7.526200e+004
5.200318e+003   7.456436e+004
5.201318e+003   7.387117e+004
5.202318e+003   7.155812e+004
5.203318e+003   7.268123e+004
5.204318e+003   7.394430e+004
5.205318e+003   7.311298e+004
5.206318e+003   7.166539e+004
5.207318e+003   7.200941e+004
5.208318e+003   7.332422e+004
5.209318e+003   7.418025e+004
5.210318e+003   7.379337e+004
5.211318e+003   7.515201e+004
5.212318e+003   7.277181e+004
5.213318e+003   7.087373e+004
5.214318e+003   7.158234e+004
5.215318e+003   7.347027e+004
5.216318e+003   7.174343e+004
5.217318e+003   7.223985e+004
5.218318e+003   7.290985e+004
5.219318e+003   7.395536e+004
5.220318e+003   7.525853e+004
5.221318e+003   7.286000e+004
5.222318e+003   7.175125e+004
5.223318e+003   7.225210e+004
5.224318e+003   7.333915e+004
5.225318e+003   7.461716e+004
5.226318e+003   7.447019e+004
5.227318e+003   7.370630e+004
5.228318e+003   7.316092e+004
5.229318e+003   7.311538e+004
5.230318e+003   6.897084e+004
5.231318e+003   6.973805e+004
5.232318e+003   7.179630e+004
5.233318e+003   6.931322e+004
5.234318e+003   7.039264e+004
5.235318e+003   7.190971e+004
5.236318e+003   7.209777e+004
5.237318e+003   7.164851e+004
5.238318e+003   7.073721e+004
5.239318e+003   6.958916e+004
5.240318e+003   7.046759e+004
5.241318e+003   7.053682e+004
5.242318e+003   7.061630e+004
5.243318e+003   7.061902e+004
5.244318e+003   7.113391e+004
5.245318e+003   7.024739e+004
5.246318e+003   7.141544e+004
5.247318e+003   7.483303e+004
5.248318e+003   7.483241e+004
5.249318e+003   7.220457e+004
5.250318e+003   7.224209e+004
5.251318e+003   7.231822e+004
5.252318e+003   7.196975e+004
5.253318e+003   7.241597e+004
5.254318e+003   7.289882e+004
5.255318e+003   7.192291e+004
5.256318e+003   7.103964e+004
5.257318e+003   7.044584e+004
5.258318e+003   7.076563e+004
5.259318e+003   7.012827e+004
5.260318e+003   7.249435e+004
5.261318e+003   7.290077e+004
5.262318e+003   7.353886e+004
5.263318e+003   7.115788e+004
5.264318e+003   7.102730e+004
5.265318e+003   7.280930e+004
5.266318e+003   7.082575e+004
5.267318e+003   6.921873e+004
5.268318e+003   6.903506e+004
5.269318e+003   6.786659e+004
5.270318e+003   6.970036e+004
5.271318e+003   7.063710e+004
5.272318e+003   6.975916e+004
5.273318e+003   6.991598e+004
5.274318e+003   7.223891e+004
5.275318e+003   7.042219e+004
5.276318e+003   7.006965e+004
5.277318e+003   6.894523e+004
5.278318e+003   6.912409e+004
5.279318e+003   6.723645e+004
5.280318e+003   6.831290e+004
5.281318e+003   6.905369e+004
5.282318e+003   6.983031e+004
5.283318e+003   7.038317e+004
5.284318e+003   7.062217e+004
5.285318e+003   7.142700e+004
5.286318e+003   7.105488e+004
5.287318e+003   6.924453e+004
5.288318e+003   6.755786e+004
5.289318e+003   6.717831e+004
5.290318e+003   6.844914e+004
5.291318e+003   6.878052e+004
5.292318e+003   7.128460e+004
5.293318e+003   7.022605e+004
5.294318e+003   7.040423e+004
5.295318e+003   7.130522e+004
5.296318e+003   6.989380e+004
5.297318e+003   6.980537e+004
5.298318e+003   6.772073e+004
5.299318e+003   6.842172e+004
5.300318e+003   6.864639e+004
5.301318e+003   6.759720e+004
5.302318e+003   6.755384e+004
5.303318e+003   6.661660e+004
5.304318e+003   6.685580e+004
5.305318e+003   6.673341e+004
5.306318e+003   6.521720e+004
5.307318e+003   6.336797e+004
5.308318e+003   6.498213e+004
5.309318e+003   6.463845e+004
5.310318e+003   6.572693e+004
5.311318e+003   6.423728e+004
5.312318e+003   6.457323e+004
5.313318e+003   6.295427e+004
5.314318e+003   6.480753e+004
5.315318e+003   6.406939e+004
5.316318e+003   6.321926e+004
5.317318e+003   6.486389e+004
5.318318e+003   6.491439e+004
5.319318e+003   6.428638e+004
5.320318e+003   6.710209e+004
5.321318e+003   6.839159e+004
5.322318e+003   6.830957e+004
5.323318e+003   6.739526e+004
5.324318e+003   6.625377e+004
5.325318e+003   6.816941e+004
5.326318e+003   6.618145e+004
5.327318e+003   6.655202e+004
5.328318e+003   6.454093e+004
5.329318e+003   6.473921e+004
5.330318e+003   6.590252e+004
5.331318e+003   6.552782e+004
5.332318e+003   6.442248e+004
5.333318e+003   6.200878e+004
5.334318e+003   6.312966e+004
5.335318e+003   6.353877e+004
5.336318e+003   6.250352e+004
5.337318e+003   6.286909e+004
5.338318e+003   6.138171e+004
5.339318e+003   6.362381e+004
5.340318e+003   6.413117e+004
5.341318e+003   6.558055e+004
5.342318e+003   6.454483e+004
5.343318e+003   6.360511e+004
5.344318e+003   6.292197e+004
5.345318e+003   6.222354e+004
5.346318e+003   6.346639e+004
5.347318e+003   6.524235e+004
5.348318e+003   6.585013e+004
5.349318e+003   6.364145e+004
5.350318e+003   6.466593e+004
5.351318e+003   6.404788e+004
5.352318e+003   6.323661e+004
5.353318e+003   6.500538e+004
5.354318e+003   6.383652e+004
5.355318e+003   6.411717e+004
5.356318e+003   6.384971e+004
5.357318e+003   6.271196e+004
5.358318e+003   6.113400e+004
5.359318e+003   6.169230e+004
5.360318e+003   6.252450e+004
5.361318e+003   6.425560e+004
5.362318e+003   6.659415e+004
5.363318e+003   6.685232e+004
5.364318e+003   6.736988e+004
5.365318e+003   6.630993e+004
5.366318e+003   6.391968e+004
5.367318e+003   6.180934e+004
5.368318e+003   6.224876e+004
5.369318e+003   6.280034e+004
5.370318e+003   6.459567e+004
5.371318e+003   6.526570e+004
5.372318e+003   6.388119e+004
5.373318e+003   6.363800e+004
5.374318e+003   6.317510e+004
5.375318e+003   6.229127e+004
5.376318e+003   6.111071e+004
5.377318e+003   5.978278e+004
5.378318e+003   6.115961e+004
5.379318e+003   6.320472e+004
5.380318e+003   6.334988e+004
5.381318e+003   6.263368e+004
5.382318e+003   6.348931e+004
5.383318e+003   6.289729e+004
5.384318e+003   6.420909e+004
5.385318e+003   6.385812e+004
5.386318e+003   6.308376e+004
5.387318e+003   6.146184e+004
5.388318e+003   6.059219e+004
5.389318e+003   6.222861e+004
5.390318e+003   6.563214e+004
5.391318e+003   6.487597e+004
5.392318e+003   6.374154e+004
5.393318e+003   6.267295e+004
5.394318e+003   6.482972e+004
5.395318e+003   6.489973e+004
5.396318e+003   6.385137e+004
5.397318e+003   6.451743e+004
5.398318e+003   6.601671e+004
5.399318e+003   6.685574e+004
5.400318e+003   6.577042e+004
5.401318e+003   6.524690e+004
5.402318e+003   6.351775e+004
5.403318e+003   6.534916e+004
5.404318e+003   6.110469e+004
5.405318e+003   6.134716e+004
5.406318e+003   6.219364e+004
5.407318e+003   6.084807e+004
5.408318e+003   6.365369e+004
5.409318e+003   6.567105e+004
5.410318e+003   6.374911e+004
5.411318e+003   6.256471e+004
5.412318e+003   6.231130e+004
5.413318e+003   6.117183e+004
5.414318e+003   6.094605e+004
5.415318e+003   6.189867e+004
5.416318e+003   6.207845e+004
5.417318e+003   6.342246e+004
5.418318e+003   6.341267e+004
5.419318e+003   6.253732e+004
5.420318e+003   6.195348e+004
5.421318e+003   6.143273e+004
5.422318e+003   6.183319e+004
5.423318e+003   6.129775e+004
5.424318e+003   5.927037e+004
5.425318e+003   5.912163e+004
5.426318e+003   6.174910e+004
5.427318e+003   6.222700e+004
5.428318e+003   6.120487e+004
5.429318e+003   6.145029e+004
5.430318e+003   6.102577e+004
5.431318e+003   6.128746e+004
5.432318e+003   6.217065e+004
5.433318e+003   6.142316e+004
5.434318e+003   5.848470e+004
5.435318e+003   5.988804e+004
5.436318e+003   6.008034e+004
5.437318e+003   5.871077e+004
5.438318e+003   5.959019e+004
5.439318e+003   6.002425e+004
5.440318e+003   6.058913e+004
5.441318e+003   5.984243e+004
5.442318e+003   5.885348e+004
5.443318e+003   6.050183e+004
5.444318e+003   6.090876e+004
5.445318e+003   5.973323e+004
5.446318e+003   5.925077e+004
5.447318e+003   5.850507e+004
5.448318e+003   5.868999e+004
5.449318e+003   5.977188e+004
5.450318e+003   5.783055e+004
5.451318e+003   5.692477e+004
5.452318e+003   5.712181e+004
5.453318e+003   5.940255e+004
5.454318e+003   6.064842e+004
5.455318e+003   5.834524e+004
5.456318e+003   5.858620e+004
5.457318e+003   5.735896e+004